bootstrap
R = [0.0012477272592731348, 0.02234222849032297, 0.01937877224415474, 0.22584710883972514, 0.25218226758090667]

MSE_train = [0.9459564104641988, 0.9259770029477598, 0.9287838055050149, 0.733229760832356, 0.7082867264966736]

MSE_test = [1.006673606471882, 1.025374430912147, 1.2079000085464167, 1.0510042954307408, 1.0435597763348212])


pygame
R = [0.00010730238773770662, 0.0005386617115646919, 0.0013935621067346915, 0.0013935621067346915, 0.0016777322605541212]

MSE_train = [0.02364395405456605, 0.023633753920033678, 0.02361353852520891, 0.02361353852520891, 0.0236068188981163]

MSE_test[0.007832580253627765, 0.007879658530511842, 0.007183619186462648, 0.007183619186462648, 0.0072510773054636135])